100
648 44 700 44
700 44 732 64
732 64 740 120
740 120 728 160
728 160 684 196
684 196 720 204
720 204 760 204
760 204 836 176
836 176 828 184
828 184 784 212
784 212 724 224
724 224 644 212
644 212 700 232
700 232 760 228
760 228 836 204
836 204 820 220
820 220 760 244
760 244 696 248
696 248 652 236
652 236 620 220
620 220 628 232
628 232 612 224
612 224 584 240
584 240 560 240
560 240 544 256
544 256 544 284
544 284 520 280
520 280 500 300
500 300 500 340
500 340 496 356
496 356 492 372
492 372 500 396
500 396 496 548
496 548 520 580
520 580 440 580
440 580 456 548
456 548 444 464
444 464 428 428
428 428 420 468
420 468 424 512
424 512 400 544
400 544 364 548
364 548 340 576
340 576 324 560
324 560 324 524
324 524 336 504
336 504 364 512
364 512 372 508
372 508 360 460
360 460 332 416
332 416 332 392
332 392 288 416
288 416 236 416
236 416 212 468
212 468 204 544
204 544 220 580
220 580 144 576
144 576 148 556
148 556 148 520
148 520 168 452
168 452 144 464
144 464 120 500
120 500 124 560
124 560 144 576
144 576 160 584
160 584 64 584
64 584 72 548
72 548 88 468
88 468 84 428
84 428 92 380
92 380 56 328
56 328 84 300
84 300 68 332
68 332 64 460
64 460 72 480
72 480 64 540
64 540 40 492
40 492 56 460
56 460 60 292
60 292 96 216
96 216 180 180
180 180 248 172
248 172 328 180
328 180 380 160
380 160 400 140
400 140 448 120
448 120 488 92
488 92 540 100
540 100 572 108
572 108 584 104
584 104 636 124
636 124 676 128
676 128 696 100
696 100 684 72
684 72 644 72
644 72 596 84
596 84 584 64
584 64 600 56
600 56 612 64
612 64 648 44